[gd_scene format=3 uid="uid://dqdesymq0yaf4"]

[ext_resource type="PackedScene" uid="uid://qbmx03iibuuu" path="res://addons/godot-xr-tools/staging/scene_base.tscn" id="1_7tsv3"]
[ext_resource type="Script" uid="uid://dlriiyt84wd6" path="res://scenes/main_menu/main_menu_level.gd" id="2_cfv33"]
[ext_resource type="PackedScene" uid="uid://b228p8k6sonve" path="res://addons/godot-xr-tools/player/fade/fade_collision.tscn" id="3_ntthg"]
[ext_resource type="PackedScene" uid="uid://do1wif8rpqtwj" path="res://addons/godot-xr-tools/functions/function_gaze_pointer.tscn" id="4_0goug"]
[ext_resource type="PackedScene" uid="uid://42xbeno6pt3y" path="res://addons/godot-xr-tools/desktop-support/function_desktop_pointer.tscn" id="5_jlekb"]
[ext_resource type="PackedScene" uid="uid://cc6ngdqie8o8c" path="res://addons/godot-xr-tools/effects/vignette.tscn" id="6_skq7r"]
[ext_resource type="PackedScene" uid="uid://bq86r4yll8po" path="res://addons/godot-xr-tools/hands/scenes/lowpoly/left_fullglove_low.tscn" id="7_qlncc"]
[ext_resource type="PackedScene" uid="uid://bjcxf427un2wp" path="res://addons/godot-xr-tools/player/poke/poke.tscn" id="8_8dghy"]
[ext_resource type="PackedScene" uid="uid://bwr0eqi231lf0" path="res://assets/meshes/control_pad/control_pad_location_left.tscn" id="9_wnahg"]
[ext_resource type="PackedScene" uid="uid://bft3xyxs31ci3" path="res://addons/godot-xr-tools/functions/function_pose_detector.tscn" id="10_083ft"]
[ext_resource type="PackedScene" uid="uid://chb848dtavews" path="res://addons/godot-xr-tools/desktop-support/controller_hider.tscn" id="12_d3ik6"]
[ext_resource type="PackedScene" uid="uid://xqimcf20s2jp" path="res://addons/godot-xr-tools/hands/scenes/lowpoly/right_fullglove_low.tscn" id="13_80dx7"]
[ext_resource type="Material" uid="uid://ds2dpvbpht0ea" path="res://addons/godot-xr-tools/hands/materials/labglove.tres" id="14_xeex4"]
[ext_resource type="PackedScene" uid="uid://deyk5frilshws" path="res://assets/meshes/control_pad/control_pad_location_right.tscn" id="16_88jvu"]
[ext_resource type="Script" uid="uid://kbcxt0r1ol00" path="res://_/scene/script/listen_to_controller_trigger.gd" id="17_1o45p"]
[ext_resource type="PackedScene" uid="uid://diyu06cw06syv" path="res://addons/godot-xr-tools/player/player_body.tscn" id="17_jk3fe"]
[ext_resource type="PackedScene" uid="uid://ct3p5sgwvkmva" path="res://assets/meshes/control_pad/control_pad.tscn" id="18_xoqrv"]
[ext_resource type="PackedScene" uid="uid://3a6wjr3a13vd" path="res://assets/meshes/teleport/teleport.tscn" id="26_1y8pq"]
[ext_resource type="Texture2D" uid="uid://8jxrr3gqnxck" path="res://scenes/basic_movement_demo/basic movement demo.png" id="27_pgvdi"]
[ext_resource type="Texture2D" uid="uid://rg2en122cmwa" path="res://scenes/audio_demo/audio_demo.png" id="28_w70kr"]
[ext_resource type="Texture2D" uid="uid://c8qc5ja60n3u8" path="res://scenes/teleport_demo/teleport movement demo.png" id="29_vh67g"]
[ext_resource type="Texture2D" uid="uid://dhnude8u8a26t" path="res://scenes/world_grab_demo/world_grab_demo.png" id="30_0cicm"]
[ext_resource type="Texture2D" uid="uid://d3epm85d4s28f" path="res://scenes/climbing_gliding_demo/climbing_gliding_demo.png" id="31_b0koo"]
[ext_resource type="Texture2D" uid="uid://bwkm0t73t80cs" path="res://scenes/grappling_demo/grappling_demo.png" id="32_f7v8r"]
[ext_resource type="Texture2D" uid="uid://bv0r0klv2u7tl" path="res://scenes/interactables_demo/interactables_demo.png" id="33_0l1m4"]
[ext_resource type="Texture2D" uid="uid://bh5j2q7vpmr0b" path="res://scenes/pointer_demo/pointer_demo.png" id="34_fnnrr"]
[ext_resource type="Texture2D" uid="uid://ny4n43p3e3du" path="res://scenes/pickable_demo/pickable_demo.png" id="35_p2xf4"]
[ext_resource type="Texture2D" uid="uid://bbe7o7pdq38m2" path="res://scenes/poke_demo/poke_demo.png" id="36_v636t"]
[ext_resource type="Texture2D" uid="uid://6wveqdhqbg5b" path="res://scenes/rumble_demo/rumble demo.png" id="37_kno0m"]
[ext_resource type="Texture2D" uid="uid://v4807nasx1dc" path="res://scenes/sprinting_demo/sprinting_demo.png" id="38_wda2q"]
[ext_resource type="Texture2D" uid="uid://cr1l4g7btdyht" path="res://scenes/origin_gravity_demo/origin_gravity_demo.png" id="39_8q2ql"]
[ext_resource type="Texture2D" uid="uid://dhd30j0xpcxoi" path="res://scenes/sphere_world_demo/sphere_world_demo.png" id="40_ktluw"]
[ext_resource type="PackedScene" uid="uid://3bsyhd7ehoa1" path="res://scenes/main_menu/objects/settings_ui.tscn" id="41_66wyn"]

[sub_resource type="AnimationNodeAnimation" id="AnimationNodeAnimation_sw4x2"]
animation = &"Grip"

[sub_resource type="AnimationNodeAnimation" id="AnimationNodeAnimation_nfbcv"]
animation = &"Grip"

[sub_resource type="AnimationNodeBlend2" id="AnimationNodeBlend2_7yppt"]
filter_enabled = true
filters = ["Armature/Skeleton3D:Little_Distal_L", "Armature/Skeleton3D:Little_Intermediate_L", "Armature/Skeleton3D:Little_Metacarpal_L", "Armature/Skeleton3D:Little_Proximal_L", "Armature/Skeleton3D:Middle_Distal_L", "Armature/Skeleton3D:Middle_Intermediate_L", "Armature/Skeleton3D:Middle_Metacarpal_L", "Armature/Skeleton3D:Middle_Proximal_L", "Armature/Skeleton3D:Ring_Distal_L", "Armature/Skeleton3D:Ring_Intermediate_L", "Armature/Skeleton3D:Ring_Metacarpal_L", "Armature/Skeleton3D:Ring_Proximal_L", "Armature/Skeleton3D:Thumb_Distal_L", "Armature/Skeleton3D:Thumb_Metacarpal_L", "Armature/Skeleton3D:Thumb_Proximal_L", "Armature/Skeleton:Little_Distal_L", "Armature/Skeleton:Little_Intermediate_L", "Armature/Skeleton:Little_Proximal_L", "Armature/Skeleton:Middle_Distal_L", "Armature/Skeleton:Middle_Intermediate_L", "Armature/Skeleton:Middle_Proximal_L", "Armature/Skeleton:Ring_Distal_L", "Armature/Skeleton:Ring_Intermediate_L", "Armature/Skeleton:Ring_Proximal_L", "Armature/Skeleton:Thumb_Distal_L", "Armature/Skeleton:Thumb_Proximal_L"]

[sub_resource type="AnimationNodeAnimation" id="AnimationNodeAnimation_4ubw7"]
animation = &"Grip 5"

[sub_resource type="AnimationNodeBlend2" id="AnimationNodeBlend2_sgahj"]
filter_enabled = true
filters = ["Armature/Skeleton3D:Index_Distal_L", "Armature/Skeleton3D:Index_Intermediate_L", "Armature/Skeleton3D:Index_Metacarpal_L", "Armature/Skeleton3D:Index_Proximal_L", "Armature/Skeleton:Index_Distal_L", "Armature/Skeleton:Index_Intermediate_L", "Armature/Skeleton:Index_Proximal_L"]

[sub_resource type="AnimationNodeBlendTree" id="AnimationNodeBlendTree_3g3ss"]
graph_offset = Vector2(-536, 11)
nodes/ClosedHand1/node = SubResource("AnimationNodeAnimation_sw4x2")
nodes/ClosedHand1/position = Vector2(-600, 300)
nodes/ClosedHand2/node = SubResource("AnimationNodeAnimation_nfbcv")
nodes/ClosedHand2/position = Vector2(-360, 300)
nodes/Grip/node = SubResource("AnimationNodeBlend2_7yppt")
nodes/Grip/position = Vector2(0, 20)
nodes/OpenHand/node = SubResource("AnimationNodeAnimation_4ubw7")
nodes/OpenHand/position = Vector2(-600, 100)
nodes/Trigger/node = SubResource("AnimationNodeBlend2_sgahj")
nodes/Trigger/position = Vector2(-360, 20)
node_connections = [&"output", 0, &"Grip", &"Grip", 0, &"Trigger", &"Grip", 1, &"ClosedHand2", &"Trigger", 0, &"OpenHand", &"Trigger", 1, &"ClosedHand1"]

[sub_resource type="AnimationNodeAnimation" id="AnimationNodeAnimation_mmbol"]
animation = &"Grip"

[sub_resource type="AnimationNodeAnimation" id="AnimationNodeAnimation_kox4c"]
animation = &"Grip"

[sub_resource type="AnimationNodeBlend2" id="AnimationNodeBlend2_gtdnq"]
filter_enabled = true
filters = ["Armature/Skeleton3D:Little_Distal_R", "Armature/Skeleton3D:Little_Intermediate_R", "Armature/Skeleton3D:Little_Metacarpal_R", "Armature/Skeleton3D:Little_Proximal_R", "Armature/Skeleton3D:Middle_Distal_R", "Armature/Skeleton3D:Middle_Intermediate_R", "Armature/Skeleton3D:Middle_Metacarpal_R", "Armature/Skeleton3D:Middle_Proximal_R", "Armature/Skeleton3D:Ring_Distal_R", "Armature/Skeleton3D:Ring_Intermediate_R", "Armature/Skeleton3D:Ring_Metacarpal_R", "Armature/Skeleton3D:Ring_Proximal_R", "Armature/Skeleton3D:Thumb_Distal_R", "Armature/Skeleton3D:Thumb_Metacarpal_R", "Armature/Skeleton3D:Thumb_Proximal_R", "Armature/Skeleton:Little_Distal_R", "Armature/Skeleton:Little_Intermediate_R", "Armature/Skeleton:Little_Proximal_R", "Armature/Skeleton:Middle_Distal_R", "Armature/Skeleton:Middle_Intermediate_R", "Armature/Skeleton:Middle_Proximal_R", "Armature/Skeleton:Ring_Distal_R", "Armature/Skeleton:Ring_Intermediate_R", "Armature/Skeleton:Ring_Proximal_R", "Armature/Skeleton:Thumb_Distal_R", "Armature/Skeleton:Thumb_Proximal_R"]

[sub_resource type="AnimationNodeAnimation" id="AnimationNodeAnimation_qajpu"]
animation = &"Grip 5"

[sub_resource type="AnimationNodeBlend2" id="AnimationNodeBlend2_k0806"]
filter_enabled = true
filters = ["Armature/Skeleton3D:Index_Distal_R", "Armature/Skeleton3D:Index_Intermediate_R", "Armature/Skeleton3D:Index_Metacarpal_R", "Armature/Skeleton3D:Index_Proximal_R", "Armature/Skeleton:Index_Distal_R", "Armature/Skeleton:Index_Intermediate_R", "Armature/Skeleton:Index_Proximal_R"]

[sub_resource type="AnimationNodeBlendTree" id="AnimationNodeBlendTree_2m1sh"]
graph_offset = Vector2(-552.664, 107.301)
nodes/ClosedHand1/node = SubResource("AnimationNodeAnimation_mmbol")
nodes/ClosedHand1/position = Vector2(-600, 300)
nodes/ClosedHand2/node = SubResource("AnimationNodeAnimation_kox4c")
nodes/ClosedHand2/position = Vector2(-360, 300)
nodes/Grip/node = SubResource("AnimationNodeBlend2_gtdnq")
nodes/Grip/position = Vector2(0, 40)
nodes/OpenHand/node = SubResource("AnimationNodeAnimation_qajpu")
nodes/OpenHand/position = Vector2(-600, 100)
nodes/Trigger/node = SubResource("AnimationNodeBlend2_k0806")
nodes/Trigger/position = Vector2(-360, 40)
node_connections = [&"output", 0, &"Grip", &"Grip", 0, &"Trigger", &"Grip", 1, &"ClosedHand2", &"Trigger", 0, &"OpenHand", &"Trigger", 1, &"ClosedHand1"]

[sub_resource type="BoxMesh" id="BoxMesh_u6ais"]

[sub_resource type="WorldBoundaryShape3D" id="WorldBoundaryShape3D_u6ais"]

[node name="MainMenuLevel" unique_id=145419139 instance=ExtResource("1_7tsv3")]
script = ExtResource("2_cfv33")

[node name="FadeCollision" parent="XROrigin3D/XRCamera3D" index="0" unique_id=779756273 instance=ExtResource("3_ntthg")]

[node name="FunctionDesktopPointer" parent="XROrigin3D/XRCamera3D" index="1" unique_id=1163050003 instance=ExtResource("5_jlekb")]

[node name="Vignette" parent="XROrigin3D/XRCamera3D" index="2" unique_id=1992218638 instance=ExtResource("6_skq7r")]
auto_inner_radius = 0.5

[node name="DirectionalLight3D" type="DirectionalLight3D" parent="XROrigin3D/XRCamera3D" index="3" unique_id=437786791]

[node name="LeftHand" parent="XROrigin3D" index="1"]
transform = Transform3D(1, 0, 0, 0, 0.707107, -0.707107, 0, 0.707107, 0.707107, -0.5, 1, -0.5)
pose = &"grip"
show_when_tracked = true

[node name="LeftHand" parent="XROrigin3D/LeftHand" index="0" unique_id=524646721 instance=ExtResource("7_qlncc")]

[node name="Hand_low_L" parent="XROrigin3D/LeftHand/LeftHand" index="0"]
transform = Transform3D(1, 0, 0, 0, 0.70710677, 0.70710677, 0, -0.70710677, 0.70710677, -0.01, 0.03535534, 0.03535534)

[node name="Skeleton3D" parent="XROrigin3D/LeftHand/LeftHand/Hand_low_L/Armature" index="0" unique_id=472802244]
bones/1/rotation = Quaternion(0.323537, -2.5658142e-05, -0.027220426, 0.9458239)
bones/2/rotation = Quaternion(-0.09044407, -0.04151748, -0.16629349, 0.98104167)
bones/3/rotation = Quaternion(-0.04661986, 0.02097099, 0.010327632, 0.9986392)
bones/5/rotation = Quaternion(-0.0012845465, -0.011608094, -0.016825877, 0.99979025)
bones/6/rotation = Quaternion(0.10292491, -0.009932083, -0.007944166, 0.9946078)
bones/7/rotation = Quaternion(-0.012859, -0.023610815, -0.32325828, 0.9459289)
bones/8/rotation = Quaternion(0.012057539, -0.009291937, -0.24747224, 0.96877545)
bones/10/rotation = Quaternion(-0.035753887, -0.0004000325, 0.0063676415, 0.9993403)
bones/11/rotation = Quaternion(-0.0026496367, -0.0011447113, -0.12599176, 0.9920271)
bones/12/rotation = Quaternion(0.039422527, 0.0019339261, -0.22807404, 0.97284347)
bones/13/rotation = Quaternion(-0.012339468, -0.008812943, -0.28066906, 0.9596848)
bones/15/rotation = Quaternion(-0.070265576, 0.010190836, -0.024330735, 0.9971795)
bones/16/rotation = Quaternion(-0.032063447, -0.002236244, -0.06863657, 0.99712384)
bones/17/rotation = Quaternion(0.025345208, 0.008124622, -0.2490055, 0.9681363)
bones/18/rotation = Quaternion(0.0025223217, 0.007880732, -0.2432038, 0.9699399)
bones/20/rotation = Quaternion(-0.09173688, 0.020302717, -0.010182976, 0.9955242)
bones/21/rotation = Quaternion(-0.06251818, -0.00022572002, -0.115392834, 0.99135065)
bones/22/rotation = Quaternion(0.058578636, 0.021648303, -0.26990518, 0.9608596)
bones/23/rotation = Quaternion(0.006871769, -0.0035727466, -0.21195254, 0.97724926)

[node name="BoneAttachment3D" type="BoneAttachment3D" parent="XROrigin3D/LeftHand/LeftHand/Hand_low_L/Armature/Skeleton3D" index="1" unique_id=1895369774]
transform = Transform3D(0.5408296, 0.8408128, -0.023173608, -0.08262672, 0.08052427, 0.99332196, 0.83706397, -0.5353032, 0.11302349, 0.039901964, 0.040282845, -0.15009598)
bone_name = "Index_Tip_L"
bone_idx = 9

[node name="Poke" parent="XROrigin3D/LeftHand/LeftHand/Hand_low_L/Armature/Skeleton3D/BoneAttachment3D" index="0" unique_id=1563284131 instance=ExtResource("8_8dghy")]
transform = Transform3D(0.999999, 0, 0, 0, 1, 0, 0, 0, 1, 0, 0, 0)

[node name="AnimationTree" parent="XROrigin3D/LeftHand/LeftHand" index="1"]
tree_root = SubResource("AnimationNodeBlendTree_3g3ss")

[node name="ControlPadLocationLeft" parent="XROrigin3D/LeftHand" index="1" unique_id=2004396779 instance=ExtResource("9_wnahg")]
transform = Transform3D(1, 0, 0, 0, 0.70710677, 0.70710677, 0, -0.70710677, 0.70710677, 0, 0, 0)

[node name="FunctionPoseDetector" parent="XROrigin3D/LeftHand" index="2" unique_id=1996739837 instance=ExtResource("10_083ft")]
transform = Transform3D(1, 0, 0, 0, 0.70710677, 0.70710677, 0, -0.70710677, 0.70710677, 0, 0, 0)

[node name="ControllerHider" parent="XROrigin3D/LeftHand" index="3" unique_id=1977092457 instance=ExtResource("12_d3ik6")]

[node name="RightHand" parent="XROrigin3D" index="2"]
transform = Transform3D(1, 0, 0, 0, 0.707107, -0.707107, 0, 0.707107, 0.707107, 0.5, 1, -0.5)
pose = &"grip"
show_when_tracked = true

[node name="RightHand" parent="XROrigin3D/RightHand" index="0" unique_id=1477671880 instance=ExtResource("13_80dx7")]

[node name="Hand_low_R" parent="XROrigin3D/RightHand/RightHand" index="0"]
transform = Transform3D(1, 0, 0, 0, 0.70710677, 0.70710677, 0, -0.70710677, 0.70710677, 0.01, 0.03535534, 0.03535534)

[node name="Skeleton3D" parent="XROrigin3D/RightHand/RightHand/Hand_low_R/Armature" index="0" unique_id=1399096914]
bones/1/rotation = Quaternion(0.323537, 2.5658142e-05, 0.027220426, 0.9458239)
bones/2/rotation = Quaternion(-0.09044407, 0.04151748, 0.16629349, 0.98104167)
bones/3/rotation = Quaternion(-0.04661986, -0.020970985, -0.010327632, 0.9986392)
bones/5/rotation = Quaternion(-0.0012845465, 0.011608096, 0.01682588, 0.99979025)
bones/6/rotation = Quaternion(0.10292492, 0.009932085, 0.007944188, 0.9946078)
bones/7/rotation = Quaternion(-0.012859004, 0.023610815, 0.32325834, 0.94592875)
bones/8/rotation = Quaternion(0.012057537, 0.0092919255, 0.24747224, 0.96877545)
bones/10/rotation = Quaternion(-0.035753887, 0.00040003238, -0.0063676336, 0.9993403)
bones/11/rotation = Quaternion(-0.0026496367, 0.0011447114, 0.1259918, 0.9920271)
bones/12/rotation = Quaternion(0.03942253, -0.0019339275, 0.2280741, 0.97284347)
bones/13/rotation = Quaternion(-0.012339467, 0.008812944, 0.28066906, 0.9596848)
bones/15/rotation = Quaternion(-0.07026557, -0.010190836, 0.024330745, 0.99717957)
bones/16/rotation = Quaternion(-0.032063447, 0.002236245, 0.06863657, 0.99712384)
bones/17/rotation = Quaternion(0.025345206, -0.00812462, 0.24900547, 0.9681363)
bones/18/rotation = Quaternion(0.0025223275, -0.007880732, 0.24320383, 0.9699399)
bones/20/rotation = Quaternion(-0.09173688, -0.020302719, 0.010182976, 0.9955242)
bones/21/rotation = Quaternion(-0.06251817, 0.00022572096, 0.115392834, 0.99135065)
bones/22/rotation = Quaternion(0.058578644, -0.021648303, 0.26990518, 0.9608596)
bones/23/rotation = Quaternion(0.0068717655, 0.0035727452, 0.21195254, 0.97724926)

[node name="mesh_Hand_low_R" parent="XROrigin3D/RightHand/RightHand/Hand_low_R/Armature/Skeleton3D" index="0" unique_id=369953184]
surface_material_override/0 = ExtResource("14_xeex4")

[node name="BoneAttachment3D" type="BoneAttachment3D" parent="XROrigin3D/RightHand/RightHand/Hand_low_R/Armature/Skeleton3D" index="1" unique_id=813781251]
transform = Transform3D(0.5408295, -0.8408129, 0.023173586, 0.08262676, 0.08052423, 0.99332196, -0.83706397, -0.53530306, 0.11302352, -0.03990197, 0.040282845, -0.15009597)
bone_name = "Index_Tip_R"
bone_idx = 9

[node name="Poke" parent="XROrigin3D/RightHand/RightHand/Hand_low_R/Armature/Skeleton3D/BoneAttachment3D" index="0" unique_id=1629594539 instance=ExtResource("8_8dghy")]
transform = Transform3D(0.999999, 0, 0, 0, 1, 0, 0, 0, 1, 0, 0, 0)

[node name="AnimationTree" parent="XROrigin3D/RightHand/RightHand" index="1"]
tree_root = SubResource("AnimationNodeBlendTree_2m1sh")

[node name="FunctionPoseDetector" parent="XROrigin3D/RightHand" index="1" unique_id=427500015 instance=ExtResource("10_083ft")]
transform = Transform3D(1, 0, 0, 0, 0.70710677, 0.70710677, 0, -0.70710677, 0.70710677, 0, 0, 0)

[node name="ControlPadLocationRight" parent="XROrigin3D/RightHand" index="2" unique_id=1634652920 instance=ExtResource("16_88jvu")]
transform = Transform3D(1, 0, 0, 0, 0.70710677, 0.70710677, 0, -0.70710677, 0.70710677, 0, 0, 0)

[node name="ControllerHider" parent="XROrigin3D/RightHand" index="3" unique_id=1209290279 instance=ExtResource("12_d3ik6")]

[node name="FunctionGazePointer" parent="XROrigin3D/RightHand" index="4" unique_id=514722534 instance=ExtResource("4_0goug")]
transform = Transform3D(1, 0, 0, 0, 0.70710653, 0.70710653, 0, -0.70710653, 0.70710653, 0, 0, 0)
y_offset = 0.0
distance = 4.0
show_laser = 1
hold_time = 0.4
color = Color(0.77808726, 0.13522485, 0.2605957, 1)
size = Vector2(0.05, 0.05)

[node name="GodotPlusListenToControllerTrigger" type="Node" parent="XROrigin3D/RightHand/FunctionGazePointer" index="5" unique_id=277266312]
script = ExtResource("17_1o45p")
metadata/_custom_type_script = "uid://kbcxt0r1ol00"

[node name="PlayerBody" parent="XROrigin3D" index="3" unique_id=1386227110 instance=ExtResource("17_jk3fe")]

[node name="ControlPad" parent="XROrigin3D" index="4" unique_id=736928207 instance=ExtResource("18_xoqrv")]
visible = true

[node name="Demos" type="Node3D" parent="." index="1" unique_id=482953513]
visible = false

[node name="ToBasicMovementDemo" parent="Demos" index="0" unique_id=94235054 instance=ExtResource("26_1y8pq")]
transform = Transform3D(1, 0, 0, 0, 1, 0, 0, 0, 1, 0, 0, -10)
scene = "res://scenes/basic_movement_demo/basic_movement_demo.tscn"
title = ExtResource("27_pgvdi")

[node name="ToAudioDemo" parent="Demos" index="1" unique_id=2089114507 instance=ExtResource("26_1y8pq")]
transform = Transform3D(0.90096885, 0, 0.43388376, 0, 1, 0, -0.43388376, 0, 0.90096885, -4.3388376, 0, -9.009688)
scene = "res://scenes/audio_demo/audio_demo.tscn"
title = ExtResource("28_w70kr")

[node name="ToTeleportDemo" parent="Demos" index="2" unique_id=993038630 instance=ExtResource("26_1y8pq")]
transform = Transform3D(0.6234898, 0, 0.7818315, 0, 1, 0, -0.7818315, 0, 0.6234898, -7.818315, 0, -6.234898)
scene = "res://scenes/teleport_demo/teleport_demo.tscn"
title = ExtResource("29_vh67g")

[node name="ToWorldGrabDemo" parent="Demos" index="3" unique_id=1076121364 instance=ExtResource("26_1y8pq")]
transform = Transform3D(0.22252098, 0, 0.9749279, 0, 1, 0, -0.9749279, 0, 0.22252098, -9.749279, 0, -2.2252097)
scene = "res://scenes/world_grab_demo/world_grab_demo.tscn"
title = ExtResource("30_0cicm")

[node name="ToClimbingGlidingDemo" parent="Demos" index="4" unique_id=304095124 instance=ExtResource("26_1y8pq")]
transform = Transform3D(-0.22252095, 0, 0.9749279, 0, 1, 0, -0.9749279, 0, -0.22252095, -9.749279, 0, 2.2252095)
scene = "res://scenes/climbing_gliding_demo/climbing_gliding_demo.tscn"
title = ExtResource("31_b0koo")

[node name="ToGrapplingDemo" parent="Demos" index="5" unique_id=1137890459 instance=ExtResource("26_1y8pq")]
transform = Transform3D(-0.6234898, 0, 0.7818315, 0, 1, 0, -0.7818315, 0, -0.6234898, -7.818315, 0, 6.234898)
scene = "res://scenes/grappling_demo/grappling_demo.tscn"
title = ExtResource("32_f7v8r")

[node name="ToInteractablesDemo" parent="Demos" index="6" unique_id=978567749 instance=ExtResource("26_1y8pq")]
transform = Transform3D(-0.90096885, 0, 0.43388382, 0, 1, 0, -0.43388382, 0, -0.90096885, -4.338838, 0, 9.009688)
scene = "res://scenes/interactables_demo/interactables_demo.tscn"
title = ExtResource("33_0l1m4")

[node name="ToPointerDemo" parent="Demos" index="7" unique_id=1385908752 instance=ExtResource("26_1y8pq")]
transform = Transform3D(-1, 0, -8.742278e-08, 0, 1, 0, 8.742278e-08, 0, -1, 8.742278e-07, 0, 10)
scene = "res://scenes/pointer_demo/pointer_demo.tscn"
title = ExtResource("34_fnnrr")

[node name="ToPickableDemo" parent="Demos" index="8" unique_id=1628654002 instance=ExtResource("26_1y8pq")]
transform = Transform3D(-0.90096885, 0, -0.43388376, 0, 1, 0, 0.43388376, 0, -0.90096885, 4.3388376, 0, 9.009688)
scene = "res://scenes/pickable_demo/pickable_demo.tscn"
title = ExtResource("35_p2xf4")

[node name="ToPokeDemo" parent="Demos" index="9" unique_id=1397747292 instance=ExtResource("26_1y8pq")]
transform = Transform3D(-0.6234896, 0, -0.7818316, 0, 1, 0, 0.7818316, 0, -0.6234896, 7.8183165, 0, 6.234896)
scene = "res://scenes/poke_demo/poke_demo.tscn"
title = ExtResource("36_v636t")

[node name="ToRumbleDemo" parent="Demos" index="10" unique_id=4331736 instance=ExtResource("26_1y8pq")]
transform = Transform3D(-0.222521, 0, -0.9749279, 0, 1, 0, 0.9749279, 0, -0.222521, 9.749279, 0, 2.2252102)
scene = "res://scenes/rumble_demo/rumble_demo.tscn"
title = ExtResource("37_kno0m")

[node name="ToSprintDemo" parent="Demos" index="11" unique_id=1322315305 instance=ExtResource("26_1y8pq")]
transform = Transform3D(0.22252104, 0, -0.9749279, 0, 1, 0, 0.9749279, 0, 0.22252104, 9.749279, 0, -2.2252104)
scene = "res://scenes/sprinting_demo/sprinting_demo.tscn"
title = ExtResource("38_wda2q")

[node name="ToOriginGravityDemo" parent="Demos" index="12" unique_id=288410390 instance=ExtResource("26_1y8pq")]
transform = Transform3D(0.6234897, 0, -0.7818316, 0, 1, 0, 0.7818316, 0, 0.6234897, 7.8183165, 0, -6.2348967)
scene = "res://scenes/origin_gravity_demo/origin_gravity_demo.tscn"
title = ExtResource("39_8q2ql")

[node name="ToSphereWorldDemo" parent="Demos" index="13" unique_id=1652639293 instance=ExtResource("26_1y8pq")]
transform = Transform3D(0.90096885, 0, -0.43388376, 0, 1, 0, 0.43388376, 0, 0.90096885, 4.3388376, 0, -9.009688)
scene = "res://scenes/sphere_world_demo/sphere_world_demo.tscn"
title = ExtResource("40_ktluw")

[node name="SettingsUI" parent="." index="2" unique_id=523797370 instance=ExtResource("41_66wyn")]
transform = Transform3D(1, 0, 0, 0, 1, 0, 0, 0, 1, 0, 0, -1.5)

[node name="MeshInstance3D" type="MeshInstance3D" parent="." index="3" unique_id=2051214207]
transform = Transform3D(1, 0, 0, 0, 1, 0, 0, 0, 1, 0.80312026, 0, -3.883264)
mesh = SubResource("BoxMesh_u6ais")

[node name="StaticBody3D" type="StaticBody3D" parent="." index="4" unique_id=1422215258]

[node name="CollisionShape3D" type="CollisionShape3D" parent="StaticBody3D" index="0" unique_id=97382306]
shape = SubResource("WorldBoundaryShape3D_u6ais")

[connection signal="on_trigger_down" from="XROrigin3D/RightHand/FunctionGazePointer/GodotPlusListenToControllerTrigger" to="XROrigin3D/RightHand/FunctionGazePointer" method="_button_pressed"]
[connection signal="on_trigger_up" from="XROrigin3D/RightHand/FunctionGazePointer/GodotPlusListenToControllerTrigger" to="XROrigin3D/RightHand/FunctionGazePointer" method="_button_released"]
[connection signal="child_entered_tree" from="Demos" to="." method="_on_Demos_child_entered_tree"]
[connection signal="child_exiting_tree" from="Demos" to="." method="_on_Demos_child_exiting_tree"]
[connection signal="player_height_changed" from="SettingsUI" to="." method="_on_settings_ui_player_height_changed"]

[editable path="XROrigin3D/LeftHand/LeftHand"]
[editable path="XROrigin3D/LeftHand/LeftHand/Hand_low_L"]
[editable path="XROrigin3D/RightHand/RightHand"]
[editable path="XROrigin3D/RightHand/RightHand/Hand_low_R"]
